7.4041444847052400e-003 -4.7311644494981821e-003
-1.7885624549840496e-003 -1.0689795725184748e-003
-2.5884252348129565e-003 2.7213822716574323e-002
8.9868893845717543e-003 -3.4778998640395652e-002
-1.5019031080694269e-003 -2.3503827566478744e-002
-4.9644574688666896e-003 -3.3409701459758911e-002
-2.5726552774950286e-004 3.8733880768802201e-002
-5.5104378668783269e-003 9.5793827814522284e-003
-1.2321761816861221e-003 -1.7566383064285578e-002
1.0886882620697925e-003 6.9806533548918311e-003
-6.9488159602049504e-001 1.1175844780611656e-002
-6.9446239708734381e-001 1.5614225418395355e-002
-6.8847136609789927e-001 -3.4272999844098768e-002
-6.8893910296658023e-001 5.5042252984564180e-002
-6.9971477160193218e-001 4.5771280024664601e-002
-6.9587130497501193e-001 7.6478762586811008e-002
-6.8838812522497828e-001 1.5669937604444845e-001
-6.9413400735172159e-001 2.5623755761771094e-001
-6.9917670848547697e-001 3.9690888513056677e-001
-7.0078704354138510e-001 4.8468096066941446e-001
-6.8995615939006494e-001 6.2429164684199634e-001
-6.9400594423627071e-001 7.2409313071755199e-001
-6.9070284570858853e-001 8.3323646967969189e-001
-6.9496215277239504e-001 9.3127884633578961e-001
-6.9681207443026050e-001 1.0433724199724252e+000
-6.8995751349457413e-001 1.1033677416279657e+000
-6.9057133063761078e-001 1.1594822423710944e+000
-6.9734476778720800e-001 1.3053033171231341e+000
-6.9834793715578347e-001 1.3940226155294770e+000
-8.2419196382379134e-001 1.4472979545145159e+000
-8.1726219986587156e-001 1.5588544864239977e+000
-8.2927570764665648e-001 1.6088958991343638e+000
-8.2594925074082759e-001 1.7075329544964890e+000
-8.2299442436492243e-001 1.6930324607399050e+000
-8.1491738759927501e-001 1.8297432401766345e+000
-8.2358571661956581e-001 1.8330343544590697e+000
-8.1755587788659823e-001 1.9850480688544812e+000
-8.3213727083953803e-001 2.0070042071861223e+000
-8.2690334769043228e-001 2.0324642565499218e+000
-8.2590811738692105e-001 2.1385534831583741e+000
-8.2006847340920119e-001 2.1437017660973745e+000
-8.2208965761636699e-001 2.2586295295467669e+000
-8.1906388366863625e-001 2.2947477265401512e+000
-8.2477476496905899e-001 2.3545155601933456e+000
-8.1655191425178086e-001 2.3746799205671834e+000
-8.2923282627330452e-001 2.3723044782849700e+000
-8.2565353177753931e-001 2.4739147704743614e+000
-8.1689267301931301e-001 2.4537070922917250e+000
-2.7009808287362908e-001 2.4749878679231498e+000
-2.8134401836636708e-001 2.4945672345596641e+000
-2.6963886690666722e-001 2.5737228478500498e+000
-2.6874205380148197e-001 2.5965585082232274e+000
-2.7208290668782881e-001 2.6142569647924612e+000
-2.8073691212838292e-001 2.5517835269427214e+000
-2.6505729272551015e-001 2.5197779885212332e+000
-2.7139828167815538e-001 2.4239115990049687e+000
-2.7655205839524460e-001 2.3773382166608772e+000
-2.7403554750870873e-001 2.3662429248911838e+000
-2.7787628342814086e-001 2.2630679117553640e+000
-2.7601509800125146e-001 2.1758844110887217e+000
-2.7357378988253561e-001 2.0724744958717398e+000
-2.7812801461859754e-001 2.0016490735977310e+000
-2.7783670380640341e-001 1.9534199690606138e+000
-2.7961810593849756e-001 1.9474421290214055e+000
-2.7094892134428777e-001 1.8604618365674512e+000
-2.6773095004809583e-001 1.8237678911164887e+000
-2.7416721301369706e-001 1.6979754539069765e+000
9.3638730234394785e-001 1.7006948933721489e+000
9.3535199305013583e-001 1.5939132893288628e+000
9.4841398642181240e-001 1.5781016741436484e+000
9.4921843636556325e-001 1.4895304213067524e+000
9.4984883957536959e-001 1.3711120459193333e+000
9.3620205405333523e-001 1.2568811418232584e+000
9.4688949220164353e-001 1.0391236566748074e+000
9.3994485886178669e-001 8.2681174631111010e-001
9.3340601974142523e-001 6.4500662154927424e-001
9.4752984091448633e-001 4.6737302207173137e-001
9.3440599147954606e-001 1.9307595879946718e-001
9.4890090274813887e-001 4.7895241665611356e-002
9.4353372158150250e-001 -2.0704077882425190e-001
9.3288623853259312e-001 -4.0939115024282374e-001
9.5001279945130335e-001 -6.3824838512103010e-001
9.3376255227392380e-001 -7.5312201488087271e-001
9.4778403078995399e-001 -9.6339701368976083e-001
9.4581546808239803e-001 -1.1361786891614143e+000
9.4391268287264496e-001 -1.2502741072259407e+000
-1.5211570797231894e-001 -1.4041394067745963e+000
-1.5723006802938758e-001 -1.5585407342924591e+000
-1.4998143258954905e-001 -1.6832386080884789e+000
-1.6810771987968814e-001 -1.7955822678070230e+000
-1.6075491195641536e-001 -1.8396460524899021e+000
-1.5824329755568733e-001 -1.8766193203526174e+000
-1.6062799496980698e-001 -1.8054097586988684e+000
-1.6191028485054246e-001 -1.7576515746650818e+000
-1.5491151900696642e-001 -1.7010049617238328e+000
-1.6389832096770979e-001 -1.6280486704327326e+000
-1.6666781142422021e-001 -1.5702022186873010e+000
-1.4987925127322693e-001 -1.4075274626697405e+000
-1.6532486666288373e-001 -1.3690266006689455e+000
-1.5300461396841777e-001 -1.2385279792923871e+000
-1.5471965528929477e-001 -1.1527085851248786e+000
-1.5184974292690809e-001 -1.0479865939883681e+000
-1.6385619889596556e-001 -9.2069909317492460e-001
-1.6748978944093484e-001 -8.3260881845350920e-001
-1.6332234567008383e-001 -7.5934861136281240e-001
-2.6194863414830039e-001 -6.7230720611956429e-001
-2.7404438223916988e-001 -5.6138194769922833e-001
-2.6427113710127542e-001 -4.8940353188545305e-001
-2.7087541778278501e-001 -4.0470707521733806e-001
-2.7222434961932329e-001 -3.4289930636938498e-001
-2.6003076387237745e-001 -2.8251579384932635e-001
-2.5949013515308744e-001 -1.6171702181826342e-001
-2.7718341785188866e-001 -7.6933583792174215e-002
-2.6178460964255329e-001 -4.0757254620781280e-002
-2.7166172656970272e-001 7.8088690597224397e-002
-2.6336178273088384e-001 9.7679071380739738e-002
-2.7635727723844228e-001 2.1459808624944296e-001
-2.7345362279445856e-001 2.7964739058325877e-001
-2.6289865711667670e-001 2.5286529395739665e-001
-2.6294146248550315e-001 3.8555429035658184e-001
-2.6130409648077468e-001 4.0815309212434203e-001
-2.6455316988457611e-001 4.2049365463322458e-001
-2.6952073947037725e-001 4.4538414237977647e-001
-2.6808064139405419e-001 4.8402448876554610e-001
9.7001364071064189e-001 5.8714317070300126e-001
9.6894287398405277e-001 5.3719208289230347e-001
9.7534989952630091e-001 6.2944395747549087e-001
9.7701099926417823e-001 5.6177038781432420e-001
9.7475436403398741e-001 5.1767574636166724e-001
9.6691718358950385e-001 4.8535694144814062e-001
9.6990134269218709e-001 3.8593299244212487e-001
9.7182156231909544e-001 2.0588194107209132e-001
9.6767145597719761e-001 4.5970026037671523e-002
9.6883900789073618e-001 -7.6996819210644038e-002
9.6889761394827489e-001 -2.4993743416700581e-001
9.7198166246687445e-001 -4.4893700792727959e-001
9.6326591465033473e-001 -6.2721268758770743e-001
9.8275204995961485e-001 -8.5678637746017206e-001
9.6537283368366589e-001 -9.9439686280670814e-001
9.7881541193022292e-001 -1.1513984998715829e+000
9.6531654848932014e-001 -1.2800991542344975e+000
9.7438114781063945e-001 -1.4815547947006005e+000
9.7993260035996577e-001 -1.5392234263414448e+000
4.4583647504861074e-001 -1.7724492555475533e+000
4.5878979055058139e-001 -1.8374593107824431e+000
4.5524084566773509e-001 -1.9461548201553434e+000
4.5553296014480732e-001 -2.0607347351118781e+000
4.5008434186769242e-001 -2.1660660855271208e+000
4.4963556253182174e-001 -2.2294443407937816e+000
4.4956926069153297e-001 -2.2167599529923994e+000
4.5081086059720343e-001 -2.2480483026722751e+000
4.5200358270019558e-001 -2.2307199040897996e+000
4.5771479388762820e-001 -2.2413864610428176e+000
4.4347183145829960e-001 -2.2534639860562731e+000
4.4531102802648820e-001 -2.1717286086760974e+000
4.5769698335251890e-001 -2.1666891222804412e+000
4.5846189738699733e-001 -2.1480188678639998e+000
4.5071280616791987e-001 -2.1294425417228222e+000
4.5880747470261296e-001 -2.1340820529476119e+000
4.4681243997635633e-001 -2.0675276236236968e+000
4.4437219813372797e-001 -2.0880384166783368e+000
4.5469768522710091e-001 -2.0576496183364479e+000
-5.1113982776969091e-001 -1.9611723891677288e+000
-5.0812958761472016e-001 -2.0019629117337288e+000
-5.0114327095069089e-001 -1.9586586470969916e+000
-4.9682135376058884e-001 -1.8915528122657330e+000
-5.0914316355176836e-001 -1.8585184581690553e+000
-5.0611964943654120e-001 -1.7204455167855004e+000
-4.9982357885537870e-001 -1.5396140152711788e+000
-5.0773564959410622e-001 -1.4571114785883019e+000
-5.0796306446559036e-001 -1.2963279721751853e+000
-5.0774621370629502e-001 -1.0933272329709069e+000
-5.1199123022511717e-001 -9.7399027266683391e-001
-4.9983753117205154e-001 -7.9029485680475520e-001
-4.9742206640957415e-001 -6.4490463737894388e-001
-4.9852462155673616e-001 -5.1278275015940977e-001
-4.9847696136663344e-001 -2.8073546484622131e-001
-5.0927825498252077e-001 -1.8762097148746021e-001
-5.1550724636320078e-001 -5.8758805868111053e-002
-4.9766557790487920e-001 1.3230939788017126e-001
-4.9898912813606250e-001 2.3116498388329199e-001
6.5165660428334005e-001 3.5826585120440246e-001
6.5593089333542498e-001 4.1877165652511150e-001
6.5715438130675485e-001 5.0259853755349160e-001
6.5663071730323219e-001 6.4776384774678342e-001
6.4896815518677442e-001 5.9676073909717120e-001
6.6014789538295193e-001 6.1524969907913607e-001
6.5588699813676044e-001 5.9966470491032764e-001
6.5289488711107191e-001 4.5883303919069446e-001
6.5077501793925474e-001 4.0176800260849205e-001
6.5684717603466303e-001 2.2403264705833068e-001
6.5210856605016942e-001 1.4725557019471155e-001
6.5312756862341936e-001 4.0393352206458434e-002
6.5818527858364617e-001 -6.4717996906109271e-002
6.4831895420769259e-001 -2.2142477207085617e-001
6.5692311812222282e-001 -3.6643450784348214e-001
6.5661847947136920e-001 -4.5972567989204854e-001
6.4328298634711489e-001 -6.3962710141151025e-001
6.4828198162520778e-001 -6.8781506579391705e-001
6.5800530458778039e-001 -8.2557151607069434e-001
4.6321627906990737e-001 -8.9844047318563836e-001
4.5711372597433059e-001 -1.0094865826056059e+000
4.6024071492853824e-001 -1.0911925806862197e+000
4.5003325214114326e-001 -1.1957971096843194e+000
4.5440295882198212e-001 -1.2870835673620555e+000
4.5951254595860291e-001 -1.3533238130131477e+000
4.6273288864042211e-001 -1.4250899972999933e+000
4.4463705990555458e-001 -1.3795119194510015e+000
4.5098075440511987e-001 -1.4375486175988719e+000
4.4861755467574105e-001 -1.4451673044065847e+000
4.6107276891963711e-001 -1.4912859681361623e+000
4.5759572507146912e-001 -1.5152341359129342e+000
4.5369499664043950e-001 -1.5365432157439511e+000
4.5748992456776921e-001 -1.5346907765455100e+000
4.6436457120160995e-001 -1.5309840445736669e+000
4.5686579440463082e-001 -1.5409084777848423e+000
4.4521564439206862e-001 -1.6019372224671309e+000
4.4904455976305502e-001 -1.6163450280195184e+000
4.5930256381043599e-001 -1.5606885364929488e+000
-4.3203206118818105e-001 -1.6408184607004663e+000
-4.2542952346869162e-001 -1.6119295821867836e+000
-4.2333425204155478e-001 -1.5929709871990574e+000
-4.2010506143557819e-001 -1.5979046326687452e+000
-4.3310349920210484e-001 -1.5577479776491243e+000
-4.3045347664850248e-001 -1.4288671853849568e+000
-4.2208606452727909e-001 -1.3800202736232079e+000
-4.3037288485012043e-001 -1.2130817331023949e+000
-4.1590343495580417e-001 -1.0820252142279787e+000
-4.2947038286662792e-001 -9.5360538186345500e-001
-4.2848399013810740e-001 -8.4896404679126614e-001
-4.2753955789755599e-001 -6.7334159828677431e-001
-4.1562314627484659e-001 -5.7799421249664285e-001
-4.2891190099087884e-001 -4.3491561637900750e-001
-4.2821347505310314e-001 -3.2010426810903658e-001
-4.1863027736669817e-001 -2.1076522319153126e-001
-4.2330217858745367e-001 -8.3695289738831155e-002
-4.1894396150174790e-001 3.8755520761904041e-002
-4.2177593949833048e-001 1.5971522124632120e-001
-1.0782664063836919e-001 2.4806761248597778e-001
-1.1247404362244230e-001 3.7861361958932616e-001
-1.1212658544921925e-001 4.5206962929003458e-001
-1.0863765169668078e-001 4.9121285788853652e-001
-1.1453161360206535e-001 5.1362742397953798e-001
-1.0745277145925689e-001 5.9554184303975943e-001
-1.2030033246226936e-001 6.4290753106645648e-001
-1.1342227344773857e-001 6.2526891630558745e-001
-1.1573220684580855e-001 6.6017434533127373e-001
-1.2020012120942250e-001 6.2597031249191060e-001
-1.2556253109662385e-001 6.3652159189244029e-001
-1.2250512645719758e-001 6.4797194627582499e-001
-1.1937418390643641e-001 7.2226346104775907e-001
-1.0909568591263290e-001 6.4708683994004801e-001
-1.1473539295485993e-001 6.9407536544122572e-001
-1.1931087934141858e-001 6.8536590417617527e-001
-1.1236554411900337e-001 6.1287426364412001e-001
-1.2308109457903553e-001 6.4248746323071271e-001
-1.0967893658134362e-001 6.0507646637954449e-001
3.1469389582449425e-001 6.1375620252087404e-001
3.2626093572291731e-001 5.8319518930553471e-001
3.2914950039756768e-001 5.3407045575530754e-001
3.2911819733575221e-001 5.4651212089923484e-001
3.1683455462891114e-001 5.4836287698961961e-001
3.2899383865895077e-001 4.6443467972288055e-001
3.2717192687314151e-001 4.0546683483859530e-001
3.2837769004154910e-001 3.1155112287669062e-001
3.3017060910332935e-001 3.2095148122553024e-001
3.1450846239414310e-001 2.4643662813387016e-001
3.2861548412151742e-001 1.5202114586245299e-001
3.1731878361400589e-001 2.9873123770054189e-003
3.1938733988001816e-001 -3.0924419670011478e-002
3.1859746426072244e-001 -1.3970319835061368e-001
3.2207859284143792e-001 -1.7659221022332375e-001
3.2015291590078931e-001 -2.6726776770374017e-001
3.2256640873244580e-001 -2.4205697001608717e-001
3.1744799543265151e-001 -3.5726573273780943e-001
3.2381495824832168e-001 -4.1905087623814308e-001
6.0372105998488590e-001 -4.4821211634951313e-001
6.0030730450105296e-001 -5.1882091540268327e-001
6.1153714766414702e-001 -5.9155922736641864e-001
6.0976904829259515e-001 -6.4610994072355099e-001
5.9440088966626936e-001 -7.0199428354940108e-001
6.0438751217240239e-001 -7.3260696616105891e-001
5.9402485375810565e-001 -8.0644462466791589e-001
6.0480605635697626e-001 -9.1793422600832331e-001
5.9634807022967262e-001 -9.2699524324032023e-001
6.0423688710359402e-001 -1.0517026636657187e+000
6.0168081147554919e-001 -1.0851516528951648e+000
6.0531839111885155e-001 -1.1231703141413629e+000
6.0089921758441844e-001 -1.2610364146717765e+000
6.0659139583591593e-001 -1.2728274626019225e+000
5.9270722949183596e-001 -1.2940035432665313e+000
6.1026174697049940e-001 -1.4338489584998952e+000
6.0254517566782406e-001 -1.4732748224224728e+000
6.0153222058473166e-001 -1.5131012593549575e+000
5.9940907201259896e-001 -1.5511286048819048e+000
-8.1482087341050380e-001 -1.6325086328159946e+000
-8.0996189459949874e-001 -1.6690911169169744e+000
-8.1485165757979028e-001 -1.7026069800693053e+000
-8.0556804458589959e-001 -1.6376994052903004e+000
-8.1571874502821917e-001 -1.5691453321196136e+000
-8.0607777785456136e-001 -1.5197168972041422e+000
-8.1756097210758827e-001 -1.3979970396400849e+000
-8.1753107315162443e-001 -1.2186513703060884e+000
-8.1082562214128151e-001 -1.0783396535325669e+000
-8.2231252392372012e-001 -8.2496551456012623e-001
-8.1227564384631756e-001 -6.6657656950611333e-001
-8.1355511289874249e-001 -4.8082695868876529e-001
-8.2083780849855759e-001 -2.7196812878778737e-001
-8.2093005456288559e-001 -1.2296186853415628e-001
-8.1534581435343989e-001 1.2460597874076142e-001
-8.2413756136945771e-001 2.9704038780769465e-001
-8.1660023389057623e-001 4.5550462978225503e-001
-8.0954881089145325e-001 6.3181096902666078e-001
-8.2426957447756499e-001 7.5775134408701450e-001
7.5646883912100249e-001 9.8078868879079206e-001
7.5454503533518524e-001 1.0626876079943297e+000
7.4628033486049150e-001 1.1838601682182521e+000
7.4871450983081633e-001 1.2952738620398474e+000
7.3958257844096031e-001 1.2997915712452275e+000
7.5754135302486558e-001 1.3050402240634980e+000
7.5723992795477058e-001 1.2413409052107796e+000
7.5499878641986151e-001 1.1005472113238828e+000
7.5348825305925482e-001 9.9435931258037047e-001
7.5481127426575245e-001 7.9827258435630866e-001
7.4297835411195323e-001 6.3935383085222264e-001
7.4202637493358747e-001 4.7113196977145477e-001
7.4755010619890294e-001 3.8437119646263057e-001
7.5084388412759284e-001 1.9203353491260716e-001
7.3839311652287998e-001 4.2431049537172742e-002
7.4556224732842458e-001 -1.4701409435688101e-001
7.3913613665243139e-001 -3.1813058708526537e-001
7.5319202445301114e-001 -4.7029471493354985e-001
7.5712455876149509e-001 -6.4364132937981156e-001
1.2319291696632038e-001 -7.3896670292747590e-001
1.3016086773615818e-001 -9.5866426813049177e-001
1.2932001888177691e-001 -1.0814722588348766e+000
1.3688704042441771e-001 -1.1684080150227487e+000
1.2419648152597848e-001 -1.2472298523496534e+000
1.3273335448275617e-001 -1.2334228176668665e+000
1.2198915498786228e-001 -1.2998518713911509e+000
1.2097684214158898e-001 -1.2605697182860454e+000
1.3812994555422947e-001 -1.3339020114423668e+000
1.2590585153657355e-001 -1.2680795624896437e+000
1.2948512938852816e-001 -1.2622160525889541e+000
1.2267039612373899e-001 -1.2429588353866889e+000
1.2160855275540634e-001 -1.1944620661804506e+000
1.4041631692979362e-001 -1.1336620274388411e+000
1.3968229938720642e-001 -1.1518260608469655e+000
1.2170436673965994e-001 -1.1460846936806124e+000
1.3836617501015924e-001 -1.0971474912265677e+000
1.2691269593479418e-001 -1.0395623660094393e+000
1.4045234894003214e-001 -1.0063858396373351e+000
1.6298352101569619e-001 -9.8370192611468754e-001
1.5495109788771128e-001 -9.4392268265208445e-001
1.6729499394398348e-001 -9.4718172306041493e-001
1.5378242595974612e-001 -8.6380256216900730e-001
1.6799998516061659e-001 -8.7743270104973403e-001
1.5840697058565681e-001 -7.9027836469583324e-001
1.6449315409200785e-001 -7.6916117248783822e-001
1.5981739275971693e-001 -8.1190525571680527e-001
1.6713593397262499e-001 -7.8416779954839100e-001
1.5020531692693906e-001 -7.6408877814552734e-001
1.6325575936061271e-001 -7.2157073926604143e-001
1.5849763830812488e-001 -6.9928791322499906e-001
1.6247088172030949e-001 -7.2322293207193056e-001
1.5748683136958341e-001 -6.6508019003100949e-001
1.5397343202941197e-001 -6.2147779529769143e-001
1.5331168084697289e-001 -6.5516801533358870e-001
1.5025014612237292e-001 -6.4223930898892834e-001
1.5526703261046498e-001 -6.8311873302246906e-001
1.5315484352521111e-001 -6.3156564596605791e-001
3.6052510995468556e-001 -6.5413416393326118e-001
3.6074748135346341e-001 -6.3366294969745729e-001
3.6070533410923594e-001 -5.8541934025376441e-001
3.5287478670447830e-001 -5.6933034563158647e-001
3.5888657485190223e-001 -5.8793707167040199e-001
3.6096872120834450e-001 -6.0549875744532233e-001
3.4853339622974716e-001 -6.0129739951034189e-001
3.5778967091112573e-001 -6.8206158219560153e-001
3.6312683300938253e-001 -6.4732465292770303e-001
3.5693017590935183e-001 -7.2258496585630461e-001
3.6147764106691199e-001 -7.9673298386196723e-001
3.4927652169845147e-001 -7.7503788377332627e-001
3.5829365589303902e-001 -8.5251192570567413e-001
3.5803821515513407e-001 -8.2812440317436820e-001
3.6397197200894060e-001 -8.4587185740608550e-001
3.5253715051311763e-001 -8.5886675526701606e-001
3.6017725220190605e-001 -9.3360297117550239e-001
3.6348198062399034e-001 -9.2302270514014473e-001
3.4883878069116386e-001 -9.7896283546802088e-001
-7.3612552879533177e-001 -9.8682710336170598e-001
-7.5569832927025860e-001 -9.5890793992144674e-001
-7.4726378994505005e-001 -9.9400604237191525e-001
-7.3600453124361709e-001 -9.8702894310490719e-001
-7.3807216715335022e-001 -9.8823800963239128e-001
-7.3640816280753463e-001 -9.1409267239795799e-001
-7.4103050429170270e-001 -7.5211094737940154e-001
-7.5318254639832571e-001 -6.4438345495923111e-001
-7.4358736026215799e-001 -4.7010056871465128e-001
-7.3928993924920039e-001 -2.9929694285062414e-001
-7.4781342690070707e-001 -2.1827024891905208e-001
-7.4001205359338773e-001 -3.6863542796442487e-002
-7.5352573068588702e-001 1.4772563552883528e-001
-7.5570502932855266e-001 3.2073967914888318e-001
-7.5307692435348683e-001 4.0600597171939545e-001
-7.4516220170331826e-001 5.5874685202748398e-001
-7.5081435578973821e-001 7.2000808013820849e-001
-7.5172138167192504e-001 8.7792809547467376e-001
-7.3989394571898370e-001 1.0364514016241668e+000
7.1832929462170836e-001 1.1232972094151694e+000
7.3341594201991100e-001 1.2202969783175368e+000
7.1793620191747098e-001 1.3165159878959312e+000
7.3718098013079691e-001 1.3681526373842987e+000
7.2437881047748676e-001 1.4390150688256544e+000
7.2076247802603821e-001 1.3559479692149299e+000
7.2076210999518919e-001 1.2092940430626817e+000
7.2081212799108629e-001 1.1671613141955239e+000
7.1811216994772986e-001 1.0312589708687814e+000
7.2652168888791524e-001 8.6227814112718804e-001
7.2762070993199990e-001 7.2854722137353434e-001
7.1816612640365873e-001 4.6916088839750009e-001
7.2139145516295800e-001 3.2737788998703177e-001
7.3058360123059796e-001 1.6603829647598892e-001
7.2935234421133333e-001 3.4157525567684532e-002
7.3436570444242133e-001 -1.8514801389442326e-001
7.3541385318423891e-001 -3.4752408421969289e-001
7.2487582140047868e-001 -4.6730416560477878e-001
7.3257648182444868e-001 -5.9015569526233480e-001
-7.5195096724154897e-001 -7.6094843258484957e-001
-7.4596682729614561e-001 -8.6055854350305538e-001
-7.5315143058811851e-001 -9.9364134504074175e-001
-7.4182615861155288e-001 -1.0568595502670728e+000
-7.5668611764143379e-001 -1.1134096124339115e+000
-7.4767323854747547e-001 -1.1210185667636270e+000
-7.4640430338766173e-001 -9.8248662929166519e-001
-7.4555893555687403e-001 -9.4094855040002190e-001
-7.5364550326212498e-001 -7.9602063910408161e-001
-7.4743760140187632e-001 -6.2504021015509426e-001
-7.5230351080571289e-001 -4.8664037544150679e-001
-7.6034339909621651e-001 -3.3190658565578091e-001
-7.5069715021012939e-001 -1.1984766792229329e-001
-7.4567044398986604e-001 -2.8371311418107056e-002
-7.5750477079757428e-001 1.9807278362021008e-001
-7.5335427750823569e-001 3.5023998764357189e-001
-7.6000848275902344e-001 4.3165058917668586e-001
-7.4360634460476549e-001 6.1356791265651478e-001
-7.6007204024521124e-001 7.1169046712508255e-001
-4.1017855058766278e-001 8.5947112485046118e-001
-4.1577706256596614e-001 9.7431522327577524e-001
-4.0273110482629826e-001 1.1062330003284333e+000
-4.0621694722498225e-001 1.2551428909811020e+000
-4.0206621427005068e-001 1.3109485367461240e+000
-4.1390682174800714e-001 1.4099332948828709e+000
-4.1214263651498206e-001 1.4402640872676769e+000
-4.1262699992669244e-001 1.5003386758592514e+000
-4.1753203491839286e-001 1.5040168226909651e+000
-4.1793144338168314e-001 1.5331144308545190e+000
-4.1224584461992569e-001 1.5969644839449111e+000
-4.1376808626592149e-001 1.5614527784736922e+000
-4.0955997597146898e-001 1.5779149564937793e+000
-4.1385462768005998e-001 1.6168079028567743e+000
-4.0754650575945139e-001 1.5870599260282601e+000
-4.0129913433412956e-001 1.6085448447691861e+000
-4.1978845484296295e-001 1.6291425845296004e+000
-4.0752184294537780e-001 1.5404758220486914e+000
-4.1803080563818967e-001 1.5339029684444947e+000
-1.4719197748057908e-001 1.5569599901478517e+000
-1.5270317534604452e-001 1.6191819246213688e+000
-1.5056859323831018e-001 1.5226327417588024e+000
-1.5264847133245887e-001 1.5625329618796036e+000
-1.5552789852438331e-001 1.5612101364303841e+000
-1.3920052487705548e-001 1.4905668120499742e+000
-1.4571289166559068e-001 1.4525903259501165e+000
-1.4223997276306161e-001 1.3850038616770639e+000
-1.4521306470944459e-001 1.3522549907252397e+000
-1.4332541817678093e-001 1.3744423393416680e+000
-1.5646459773685323e-001 1.2934409793439086e+000
-1.4867944864773572e-001 1.2272469463126094e+000
-1.4311939551479352e-001 1.1603459676023409e+000
-1.4262700457801467e-001 1.1953032357702602e+000
-1.3928189776932878e-001 1.1100448956760762e+000
-1.3707470043604497e-001 1.0815044743478108e+000
-1.3811022170010326e-001 1.0014557600685721e+000
-1.4912919549952847e-001 9.4226462588554616e-001
-1.4766585221358336e-001 9.9455035014705362e-001
-1.0646273606813134e-002 9.4228265100013275e-001
-1.3808917626771115e-002 9.3719422211018721e-001
-1.0750099920115018e-002 8.6336009257656310e-001
-1.5077898268276768e-002 8.4751989203154388e-001
-5.1555701186775018e-003 7.9753409738004510e-001
-4.9391251041802104e-003 7.4799113556266461e-001
-1.6798109679536551e-002 7.6424360284822090e-001
1.1678939143856659e-003 7.1335680233012633e-001
-3.0003471925861922e-003 6.3954344438218202e-001
-2.6241587841992200e-003 6.1161531834551452e-001
-1.7545919780771253e-002 5.9743634588067474e-001
-1.6659950467707740e-002 5.0841695912583973e-001
-1.0395156620018563e-002 4.8989455710669810e-001
-2.1168052891389188e-003 4.9652436006106093e-001
-3.0335464413569066e-003 4.3894485802831684e-001
-1.0837064819135163e-002 3.9022777603701114e-001
-4.8954726730331237e-003 3.5295954399375035e-001
-1.7461459085088078e-002 3.4841023206197957e-001
-1.6977777625185458e-002 3.6952469505490598e-001
6.1972668946836319e-002 2.9460198015352218e-001
7.0050144789567947e-002 2.4239240623764702e-001
7.5290680300856089e-002 3.0320291580821790e-001
6.0858859451223504e-002 2.2881502010390428e-001
6.4384673606446993e-002 2.1074842686373785e-001
6.4036236034169705e-002 1.6497007810603811e-001
6.2061928941959429e-002 2.0858788224565103e-001
6.7158577202059144e-002 1.9303035388777995e-001
5.8434324373310045e-002 1.1560797684325677e-001
7.6766513039174977e-002 1.2250207768757779e-001
7.2949439375062167e-002 6.9828875662290374e-002
7.2332696174341682e-002 3.4275893989860293e-002
7.3844113534645830e-002 7.9641173517583611e-002
7.5152467910367171e-002 4.9924357511183660e-002
6.8199433276634747e-002 3.4677712652654430e-002
6.6799288736708373e-002 6.0846339646679071e-003
7.1345178651278610e-002 -6.7862942889040004e-002
7.2266882438058816e-002 -2.9834665776544075e-002
5.9925861475461799e-002 -5.0514671101503567e-002
-5.1773243347070265e-003 -6.9144311053782451e-002
8.9602266985129124e-003 -1.3843412425154814e-001
1.1313946106348815e-002 -5.7888977304147132e-002
-6.8000014599695433e-003 -8.5379681428741652e-002
1.1413710862395432e-002 -8.0450121909143746e-002
1.0198253324383589e-002 -1.6244955513759229e-001
1.0175220578352883e-002 -1.4417100025560925e-001
3.0862560364870893e-003 -1.0180824422717268e-001
-3.1165714820086607e-003 -1.3599029960204176e-001
-6.0806593153122698e-003 -1.6330267521197783e-001
1.1044977321187368e-002 -1.1050461317460754e-001
8.8341627969181873e-003 -1.3247828490794739e-001
2.9493176987444515e-003 -1.3137210388663365e-001
1.3667811723713642e-003 -5.8573893526383695e-002
2.7077690007280730e-003 -1.0639060354226175e-001
3.4787816536064756e-003 -1.1642705620160207e-001
7.5241643214292902e-003 -4.2051481060659930e-002
-3.6577414753929992e-003 -5.3343043145564401e-002
-6.2483462006635276e-003 -1.2473676933299624e-001
-2.7053323866902385e-001 -7.5644451035079052e-002
-2.7707494854458403e-001 -2.9559548125759456e-002
-2.8503027432187217e-001 -9.0442256574360891e-002
-2.8699885772937683e-001 -8.5294013191799994e-002
-2.7056926704088524e-001 -2.8075436559518996e-002
-2.8551628623227482e-001 1.0380478991117610e-002
-2.7541308899145772e-001 9.4984266932680167e-004
-2.7498590577807230e-001 9.7915479959299903e-002
-2.7040454595562102e-001 1.1925583325276429e-001
-2.7123515645512952e-001 1.5925527765577460e-001
-2.8453587298135730e-001 2.4587668332824686e-001
-2.8697211665194289e-001 2.0709752776343426e-001
-2.8636045107347552e-001 2.9182763295874603e-001
-2.7230442718517056e-001 3.6964905746898552e-001
-2.8239187733563526e-001 4.0452636921156243e-001
-2.7864288085196320e-001 4.0801823152492778e-001
-2.8124091478961744e-001 4.4637270390235012e-001
-2.8669098792004261e-001 5.1282799225987352e-001
-2.7716848595915983e-001 5.0225192393723561e-001
-3.9349147017212843e-001 5.3693304354938842e-001
-3.9421552027517498e-001 6.1060770424148425e-001
-4.0340620052235066e-001 6.5657207427827036e-001
-4.0311285070465736e-001 6.4550757798639113e-001
-4.0342958856160988e-001 6.9540647217752083e-001
-4.0183448647772063e-001 7.2722809205367900e-001
-3.9466539577185689e-001 7.1391398912937776e-001
-4.0563050693027214e-001 8.0669822761335352e-001
-3.9554884092737758e-001 7.9157061578203147e-001
-3.9874411969705659e-001 9.0159690890987088e-001
-3.9334051915710555e-001 9.3544904928110040e-001
-3.9691536775245961e-001 9.5488015874923826e-001
-4.0695965079651075e-001 9.6011416872785338e-001
-3.9152700142356678e-001 1.0114535374946247e+000
-3.9317988090899325e-001 1.0085367942623384e+000
-3.9957846620814585e-001 1.0756013937103510e+000
-3.9688971233771714e-001 1.0487143004680279e+000
-3.9743556835542609e-001 1.0962883408764650e+000
-3.9277536264543894e-001 1.1266645052279254e+000
-4.4777738431174841e-001 1.1972836059770744e+000
-4.3993886274002708e-001 1.1905210104780584e+000
-4.3492395311737719e-001 1.1441156588871730e+000
-4.4598750413504407e-001 1.2147610399433699e+000
-4.4807738351457893e-001 1.2099857513961569e+000
-4.3567619198849911e-001 1.2736801852764184e+000
-4.4369501419835922e-001 1.3083885279713550e+000
-4.5084323037588037e-001 1.2787368928533220e+000
-4.3449421281085460e-001 1.3364209477666567e+000
-4.3313830878921278e-001 1.3554573849643730e+000
-4.4738289230374789e-001 1.3656992567954374e+000
-4.4857011865647056e-001 1.3624071649406235e+000
-4.3785855889175940e-001 1.3818500261623172e+000
-4.4178806288356209e-001 1.3798600586284511e+000
-4.3539558201687767e-001 1.4162334401798375e+000
-4.4640308480645247e-001 1.3740355290987321e+000
-4.4317842079582376e-001 1.3921390004406577e+000
-4.4933968507401506e-001 1.4069694871907676e+000
-4.3546424355574515e-001 1.4663922944060277e+000
-2.5084285056341088e-001 1.4331411015487590e+000
-2.5040303319749879e-001 1.4238819002253202e+000
-2.5363179785012485e-001 1.4647786282691937e+000
-2.5525886400270531e-001 1.4391772159823299e+000
-2.5182358316301751e-001 1.4089221854892853e+000
-2.5593630679969798e-001 1.4771483415545275e+000
-2.4366055240964662e-001 1.4275397262193918e+000
-2.5445379218597969e-001 1.4364910272530709e+000
-2.4728100838201658e-001 1.3927020895875262e+000
-2.4383803628628714e-001 1.4009490152713000e+000
-2.5258851280370115e-001 1.3050255799560202e+000
-2.5591410298091449e-001 1.3382808712953871e+000
-2.5810191190729886e-001 1.2909400525469548e+000
-2.5856651404860997e-001 1.2529146775913669e+000
-2.4829508348286081e-001 1.2177299511068742e+000
-2.5447620993245995e-001 1.2154701332593987e+000
-2.5132217255293604e-001 1.1827642713231807e+000
-2.5536826443639160e-001 1.1299620909014254e+000
-2.5529904783676627e-001 1.1590723427526772e+000
9.8413782287117002e-001 1.1545475809693015e+000
9.8030643693874520e-001 1.1392618302988642e+000
9.8492317491180703e-001 1.1318561353884602e+000
9.8883682916080462e-001 1.0186510593869968e+000
9.9193703279789791e-001 9.9175217721722853e-001
9.9704130924548973e-001 8.0877309498309435e-001
9.7966223360465765e-001 6.2155538007619193e-001
9.8760315826755429e-001 4.7670072307790651e-001
9.8013324001626767e-001 3.1005578358081665e-001
9.9533899237730972e-001 8.2856683920952495e-002
9.9959447917591249e-001 -1.2167467869281590e-001
9.9460830938418288e-001 -2.8065098260067511e-001
9.9594810243209098e-001 -4.5431105972038416e-001
9.9858622631212113e-001 -6.9649471758551573e-001
9.9840014450912118e-001 -8.2849475660353433e-001
9.9939262376386473e-001 -1.0115646726755214e+000
9.9193662577285469e-001 -1.2401067310266629e+000
9.8282836760280357e-001 -1.3363837494413739e+000
9.9783840327711193e-001 -1.4694670577159867e+000
5.1256513343172383e-001 -1.6880994349307021e+000
5.2604463806653545e-001 -1.7854776593525417e+000
5.2354499707399227e-001 -1.9082516195950279e+000
5.2794215760518326e-001 -2.0004725156598635e+000
5.2521836564217828e-001 -2.1315608128636403e+000
5.1100453334476692e-001 -2.1923366187901059e+000
5.2727398849244955e-001 -2.2517788894807680e+000
5.1565763876034731e-001 -2.2391449381043618e+000
5.2655988151454924e-001 -2.2534140203149815e+000
5.2427911024880469e-001 -2.2895373942883261e+000
5.1880705793317750e-001 -2.2440381203286295e+000
5.1463499996432582e-001 -2.2689330168426753e+000
5.1675793537901948e-001 -2.2580180614449459e+000
5.0957996632708058e-001 -2.2669018461728432e+000
5.2708835015138000e-001 -2.2096723966721949e+000
5.2390208313271402e-001 -2.2195596833173687e+000
5.1966633896347647e-001 -2.1926401571017453e+000
5.2225313348791391e-001 -2.2162743103787146e+000
5.2337799114115235e-001 -2.2014036079407311e+000
-1.9597154071783662e-001 -2.1038633320486526e+000
-2.0182866528545337e-001 -2.1461634991166747e+000
-2.0069512431504571e-001 -2.1338032278213559e+000
-1.9957707367434446e-001 -2.0923446390187683e+000
-1.9325370885053680e-001 -2.0420475664587365e+000
-1.9499241819620458e-001 -1.8665433960594904e+000
-1.8733202058689113e-001 -1.8123252837907766e+000
-1.8505033160696871e-001 -1.7520888545693105e+000
-1.9753052051962150e-001 -1.6444467385875392e+000
-1.9166892333936891e-001 -1.4430706778513784e+000
-2.0159107480191593e-001 -1.3822538477424668e+000
-1.8520381262777799e-001 -1.2598905680982664e+000
-1.8705115285463889e-001 -1.1319667115146519e+000
-1.8648641962020113e-001 -9.7335524221890390e-001
-1.9246523077992833e-001 -8.4384832535099552e-001
-1.9176195838132568e-001 -8.1125864223615374e-001
-1.8303023670953680e-001 -7.1343112356143124e-001
-1.9491912801784572e-001 -6.0081165034373341e-001
-1.9183692899155616e-001 -4.4255814943422056e-001
-6.9642085665892639e-001 -4.1438954597525884e-001
-7.0711306111307293e-001 -3.4020005611037263e-001
-6.9590774002449851e-001 -1.9670458963457424e-001
-6.9766874652396693e-001 -1.6600504244926328e-001
-6.9897651259746085e-001 -3.0618542902151800e-002
-7.0121777866247792e-001 6.6052768093455116e-002
-7.0474857759904241e-001 2.0152630623899251e-001
-6.9266214458446862e-001 3.3123754417217921e-001
-6.9887576588260136e-001 4.2490468088768818e-001
-6.9703028315268356e-001 4.8470848920947673e-001
-7.0273955256063392e-001 6.4125726333645650e-001
-6.9599160733061882e-001 7.4831669949682844e-001
-7.0240581186264450e-001 8.7259018336752503e-001
-6.9174271493209416e-001 1.0013113277785946e+000
-6.9008066054457140e-001 1.0498088788276030e+000
-6.9054148130295967e-001 1.1536405241359782e+000
-6.8867712868044817e-001 1.3046135500454066e+000
-6.9733094400899587e-001 1.3868509383151799e+000
-7.0394012280945129e-001 1.4521189195063897e+000
-4.9871633580806551e-001 1.5342585483659443e+000
-4.9404629158638713e-001 1.5933812548889628e+000
-4.8422129410974568e-001 1.6488653517998486e+000
-4.7988127556595972e-001 1.7024456118975586e+000
-4.9788021198092813e-001 1.7417005462451665e+000
-4.8782296244382284e-001 1.7776825862584547e+000
-4.9092769057620239e-001 1.8135280954976600e+000
-4.8856844123994420e-001 1.8346399031300127e+000
-4.9820351019650816e-001 1.8845401124236505e+000
-4.8405049050707655e-001 1.8829096137982366e+000
-4.9839363417128785e-001 1.8752915715647962e+000
-4.8835043070933221e-001 1.8410808835510737e+000
-4.8613526627404668e-001 1.9232139386689240e+000
-4.9834379326876643e-001 1.9088075906111051e+000
-4.9415910237310068e-001 1.9076179005054423e+000
-4.8623328714152159e-001 1.8463478574224543e+000
-4.8732974439791610e-001 1.8886893588631242e+000
-4.9611281960612497e-001 1.8104743530768923e+000
-4.9730497487301534e-001 1.8482218907938490e+000
9.4527740709970678e-002 1.8468975889377781e+000
1.0547805365165669e-001 1.8122659572823756e+000
9.5428798595191044e-002 1.8341573810080756e+000
9.7438763573884493e-002 1.8496859487787496e+000
1.1240358222641832e-001 1.8067095092901631e+000
1.0992989154360819e-001 1.6507427096626344e+000
1.0287018165214259e-001 1.5837929596837783e+000
1.0028333492520321e-001 1.5519004097963343e+000
1.1044969770667834e-001 1.4786244473553982e+000
9.9682869330177296e-002 1.3386012002110279e+000
1.1016502045025105e-001 1.3062096303476907e+000
1.0018851316572816e-001 1.1974614402483830e+000
1.1307184636248964e-001 1.1092386353873303e+000
9.5274703502772895e-002 9.4328090620027893e-001
1.1210443989481307e-001 9.0132207270766151e-001
1.0012407731231911e-001 7.8445440941180489e-001
1.1011667224608769e-001 6.9085857269567574e-001
9.3478895135179429e-002 6.2981373557672271e-001
1.0031743614091776e-001 5.4070947430607430e-001
-4.8915175169190722e-001 5.0748729936740222e-001
-5.0061529066661870e-001 4.4498264678827748e-001
-4.9651702342191956e-001 3.9634298944169155e-001
-4.9977278375788775e-001 3.1321196391196870e-001
-4.9160540398691205e-001 2.8296548603398219e-001
-4.9762529250187321e-001 2.7375754964718529e-001
-4.9020209469086184e-001 3.4142931235431029e-001
-4.8243413511143524e-001 3.8224939090123111e-001
-4.9651797589137503e-001 3.9605740003815637e-001
-5.0011168519618787e-001 4.7681318717362092e-001
-4.8652120952409506e-001 5.6016027553587999e-001
-4.9925068880580870e-001 5.7404875015901791e-001
-4.8831833036451189e-001 6.6252964685957549e-001
-4.9662847645897717e-001 7.4911561368632307e-001
-4.9075332003851091e-001 7.7084810827172745e-001
-4.8769249047755314e-001 8.2105141476898913e-001
-4.8558660235803014e-001 8.6133965532151757e-001
-4.8252923739947157e-001 9.5580823013159466e-001
-4.9320140072235674e-001 9.5629183996806311e-001
6.2527866643340790e-001 1.0922640391649345e+000
6.2614117719868656e-001 1.1182248251293179e+000
6.1977379482403239e-001 1.1861075515445134e+000
6.2359825136718627e-001 1.1695258425792185e+000
6.3281572040156653e-001 1.0883834154452201e+000
6.3734961330030937e-001 1.0955656503536984e+000
6.2345777105892752e-001 9.6835572509229673e-001
6.3358750641501416e-001 8.4303689259343828e-001
6.2212474408309626e-001 7.6110180989854204e-001
6.3600792581753340e-001 6.2203996337012002e-001
6.2619835649294120e-001 4.0701845139814230e-001
6.2232457576091915e-001 3.2322620308033506e-001
6.3091247312526133e-001 1.6358293893068176e-001
6.2441928651538958e-001 3.1319464506182247e-002
6.2427270807290536e-001 -1.1968339723575985e-001
6.2878201600708572e-001 -2.7204803904070046e-001
6.2808994827896802e-001 -3.7851102946583470e-001
6.3039561774137232e-001 -4.9909488489173071e-001
6.2817750393433092e-001 -6.1529882478541931e-001
8.7481956574545938e-001 -7.1162246508682214e-001
8.7598691373440152e-001 -8.5847235039945224e-001
8.7466009010285195e-001 -9.2727314270895156e-001
8.7820150044987544e-001 -1.0878588515641521e+000
8.7678961391646015e-001 -1.1882220685892873e+000
8.7556550933239419e-001 -1.3013605630771279e+000
8.7550927441860371e-001 -1.3764462184762056e+000
8.8320603894138738e-001 -1.4883472990536972e+000
8.7272714863026546e-001 -1.6040317905544608e+000
8.7077043707675095e-001 -1.7377225900712414e+000
8.8518412168230520e-001 -1.7432574663461591e+000
8.6983201081422712e-001 -1.8609379202770002e+000
8.8296257755828711e-001 -1.9224663745107384e+000
8.8273381165050291e-001 -2.0613996068798555e+000
8.7152245961248220e-001 -2.1558738327677704e+000
8.8786560768525491e-001 -2.2408274012526155e+000
8.7746875946102032e-001 -2.2225426055537820e+000
8.8727044219935092e-001 -2.3142536764769872e+000
8.8361268129060866e-001 -2.3740607723004277e+000
2.1325753632132499e-001 -2.4136425952683567e+000
2.0424284248006064e-001 -2.4819446050786733e+000
2.1397810060342581e-001 -2.5542638686276753e+000
2.1404957621951515e-001 -2.5562439114733944e+000
2.1185782789324989e-001 -2.5209293288495354e+000
2.0560037628531541e-001 -2.5742324533207426e+000
2.1536499874229761e-001 -2.4773861612343362e+000
2.1797964940220063e-001 -2.4721839578457847e+000
2.0615566801326035e-001 -2.4288444252523504e+000
2.1024763879264161e-001 -2.2652739076124524e+000
2.1571781830324960e-001 -2.2729094245778874e+000
2.1299941729171537e-001 -2.1809501424882001e+000
2.0143198654096722e-001 -2.0567688690352504e+000
2.1252673860810578e-001 -2.0284884967383463e+000
2.1652035338828707e-001 -1.9300543909275818e+000
2.1791694158425096e-001 -1.8709831099828587e+000
2.0703001642137658e-001 -1.8018337307394525e+000
2.0311235199752911e-001 -1.7244223715962081e+000
2.0338432783352300e-001 -1.5990759959475089e+000
-1.1169858699287749e-001 -1.5766606043406644e+000
-1.1595580172283018e-001 -1.5369923636415872e+000
-1.1885188926357806e-001 -1.4294508200101426e+000
-1.2173560591689109e-001 -1.4227454362775651e+000
-1.0930441275678603e-001 -1.3239833735110347e+000
-1.1446629066750322e-001 -1.2224250899999076e+000
-1.1398227649188160e-001 -1.1764555978299003e+000
-1.1470654778568515e-001 -1.0392804838531868e+000
-1.2409957911903507e-001 -9.9652180202594087e-001
-1.2464539680365458e-001 -8.7305591009207628e-001
-1.2480951421532184e-001 -8.0925439579163838e-001
-1.1798904645876143e-001 -7.1457623185446528e-001
-1.2326891703053064e-001 -6.4570627149087489e-001
-1.2144459882693297e-001 -5.3728415829901532e-001
-1.2161800745359604e-001 -5.0533436576729152e-001
-1.1823974463019350e-001 -4.0749502613260036e-001
-1.2117625619838268e-001 -4.0006555843502745e-001
-1.1687844096964718e-001 -2.8150898138957825e-001
-1.1948049671760307e-001 -2.9658939005942359e-001
3.5573790487425222e-001 -2.5503366732675858e-001
3.4370619810796166e-001 -1.1877341120247686e-001
3.4823244636602796e-001 -1.3030618708283370e-001
3.5676805928675853e-001 -9.1613524227806512e-002
3.6113969551672792e-001 -7.2283407555287185e-002
3.6101851973335070e-001 -6.3469832999073272e-002
3.4509603465722805e-001 -7.0615983711913910e-002
3.4462649415784702e-001 -1.7221690168293360e-001
3.5402042368875897e-001 -1.9457316178682071e-001
3.5591245736501348e-001 -2.3469290891993083e-001
3.6090003908818363e-001 -2.8883436147317548e-001
3.4310269023331069e-001 -3.4951407642480803e-001
3.4832203468971934e-001 -3.3945728199797154e-001
3.5114089870653098e-001 -3.6357650046227336e-001
3.4919690112645779e-001 -4.1027057369134595e-001
3.4485871553553665e-001 -5.0360760989997866e-001
3.5512374197889307e-001 -5.7008791075148679e-001
3.4730220406992263e-001 -6.2698328151765526e-001
3.5667338503874857e-001 -5.9491142416149723e-001
3.8152486372231831e-001 -7.1644235208752960e-001
3.7079063085873781e-001 -7.4448156424002554e-001
3.6921005480926938e-001 -7.7282757225739540e-001
3.6533314958347385e-001 -8.3164563338192354e-001
3.7957324196588316e-001 -8.3357619017072382e-001
3.7660843480765277e-001 -8.7091555903793294e-001
3.6681277046001176e-001 -9.4169421651340801e-001
3.8107366852284419e-001 -9.0258176144477487e-001
3.6595048375122241e-001 -9.1612950508676350e-001
3.8005717408958162e-001 -9.4764479781712951e-001
3.6371339804184766e-001 -1.0011682537371023e+000
3.7038258646858824e-001 -1.0232781603654511e+000
3.7269638054938048e-001 -1.0274160416812530e+000
3.7800442882921870e-001 -1.0946425509725302e+000
3.6485676744762457e-001 -1.0797205346942391e+000
3.6196766661682217e-001 -1.1447003547075494e+000
3.6171941927460838e-001 -1.1631258826727713e+000
3.6461118714522756e-001 -1.1851881701043878e+000
3.7879340664557148e-001 -1.1462634760759594e+000
1.1084762237268346e-001 -1.1485934528058726e+000
1.1532294462761171e-001 -1.1412424533259167e+000
1.0047697965966593e-001 -1.1784223404096419e+000
1.1247708162826352e-001 -1.1437314351354089e+000
9.9721612897951659e-002 -1.1598766415231614e+000
1.1370031160950450e-001 -1.1992530898800613e+000
9.8810364637053436e-002 -1.1785420352479785e+000
1.0323308437913904e-001 -1.0866153181640379e+000
1.1442895714415541e-001 -1.0840609330122235e+000
1.1619829277778028e-001 -1.0186135357337336e+000
1.0678988777766094e-001 -9.7341086617823636e-001
1.0981069036994721e-001 -9.3179589331268997e-001
9.9983311210369200e-002 -9.6689553403526507e-001
1.1226832564240431e-001 -8.6402800820458814e-001
1.0883724346956815e-001 -8.5342783549797230e-001
1.0999571745602697e-001 -8.8218195237743124e-001
1.1451927923482405e-001 -8.1652430044987268e-001
1.0173020473859522e-001 -7.3011199600823062e-001
1.0065049899351339e-001 -7.7101545544825900e-001
5.8304155970365878e-001 -7.7022090328797543e-001
5.8608000392221116e-001 -7.2126236856633297e-001
5.7683371737315892e-001 -6.7881079891844709e-001
5.8240579277392868e-001 -7.0412574437033326e-001
5.7845208327194708e-001 -6.2730763821118074e-001
5.6834857232692992e-001 -6.9760707248887011e-001
5.8391340634156808e-001 -7.0465881118949458e-001
5.8264194079056697e-001 -7.6182222845965430e-001
5.8539497911339566e-001 -8.3853296375093644e-001
5.6755535532469914e-001 -8.9189702706084684e-001
5.7021668484062438e-001 -9.1465407879306437e-001
5.7290647348105650e-001 -1.0123434082604148e+000
5.8003862747182000e-001 -1.0892092865460108e+000
5.7989471112571622e-001 -1.1512335028075227e+000
5.8463992257785813e-001 -1.1999170554812824e+000
5.7298455222240374e-001 -1.2222090545012121e+000
5.7007039878259325e-001 -1.2298517482578977e+000
5.7875923931388229e-001 -1.2939637590402879e+000
5.6809919924498931e-001 -1.4227278845456777e+000
-9.9890214291839163e-001 -1.4301313902398560e+000
-9.8047275301424597e-001 -1.4302968437016903e+000
-9.9752398103871787e-001 -1.4700556944219558e+000
-9.9109107257792217e-001 -1.5524831080691759e+000
-9.8461495420939571e-001 -1.4507357756639887e+000
-9.8126989348979365e-001 -1.2918715110241514e+000
-9.9197310321781929e-001 -1.2041740693251373e+000
-9.9293529819319037e-001 -9.8982418187300003e-001
-9.9101969896259079e-001 -8.3874091470492040e-001
-9.9212657562927076e-001 -6.2172890772103573e-001
-9.8790986848694551e-001 -4.3880468160112657e-001
-9.8174311032222028e-001 -1.7216509144889031e-001
-9.9055597435201825e-001 7.0436734868625422e-002
-9.8712229728141276e-001 2.2793906803512748e-001
-9.9067802136837668e-001 4.5677007157393240e-001
-9.8454547059025244e-001 6.2180116364472660e-001
-9.8139178060847798e-001 7.9367822631276319e-001
-9.8916764452738803e-001 1.0549781033879233e+000
-9.9638694996179811e-001 1.2051710682471426e+000
9.1829326356080454e-001 1.3512458027467875e+000
9.1193252229301791e-001 1.5075947983984033e+000
9.1755978752350720e-001 1.6562157047083541e+000
9.0915381719920374e-001 1.7279525387332779e+000
9.1004625124003191e-001 1.8057554502816293e+000
9.0725622079248680e-001 1.6997560034559314e+000
9.0908068010930798e-001 1.6469858832398443e+000
9.0908061956972319e-001 1.4939119933044691e+000
9.1778050775820075e-001 1.3129812939982244e+000
9.1796990860355621e-001 1.0811195222995953e+000
9.2114237244189046e-001 9.1679335019062291e-001
9.2192103126794056e-001 7.2844823384357671e-001
9.1038914333683585e-001 4.3719188559537736e-001
9.1864425615831569e-001 2.5475878555227122e-001
9.0620292333258146e-001 6.7906095009313674e-002
9.2201262476111312e-001 -1.7280583645820152e-001
9.2500313771367759e-001 -3.9246289689128744e-001
9.1835490430013123e-001 -5.4835685272035328e-001
9.1310112920356390e-001 -7.3398046919113991e-001
7.0111108594232363e-001 -9.0753465413389689e-001
6.9571797464255447e-001 -1.1277047169761838e+000
6.9172186102611266e-001 -1.2288949193923306e+000
6.9396652553948157e-001 -1.4283292504329834e+000
6.8988956737820084e-001 -1.5239834337837390e+000
6.9890264266147040e-001 -1.6679823644411562e+000
6.9852380823915272e-001 -1.6895245699629140e+000
7.0082131917759460e-001 -1.8482191019165355e+000
7.0464060573169152e-001 -1.8618858866580150e+000
6.9689016354845623e-001 -1.9429249255387280e+000
6.9042909402494501e-001 -1.9880685493876744e+000
6.9032113837377995e-001 -2.0468956163331615e+000
6.9777029884582875e-001 -2.1249706293522004e+000
6.9080255078819641e-001 -2.1293099529245731e+000
7.0197924254787014e-001 -2.1624036077457593e+000
6.9074188528353786e-001 -2.2366763895414716e+000
6.9396058288958395e-001 -2.2231833433696373e+000
7.0346017886454415e-001 -2.2346584873524939e+000
6.9043511429888871e-001 -2.2583405463775943e+000
4.5349245023201995e-001 -2.3208993176378820e+000
4.6094116806858187e-001 -2.3090795033572209e+000
4.7071306963498655e-001 -2.2943310133322510e+000
4.5507865196631281e-001 -2.3199828024645064e+000
4.6231161421848810e-001 -2.3464603440226495e+000
4.6635086515220769e-001 -2.3633539027494175e+000
4.6019897180608088e-001 -2.3351260150376358e+000
4.6761411167869449e-001 -2.3220755835127851e+000
4.6565825033809821e-001 -2.2735814623091692e+000
4.5646345482986167e-001 -2.2426475078673409e+000
4.6464870246089474e-001 -2.2260055340685505e+000
4.6889844634560351e-001 -2.1433399344062201e+000
4.7223587186985688e-001 -2.1815786186083965e+000
4.7110835003253543e-001 -2.0695564186046593e+000
4.7018844074824379e-001 -2.0379074249495921e+000
4.5831348062956223e-001 -2.0382256503165954e+000
4.6842563256710645e-001 -2.0216166179013157e+000
4.5741647747692848e-001 -2.0213508277672734e+000
4.5920673501592757e-001 -1.9496557441083397e+000
-6.9650052717382593e-001 -1.9444395924903148e+000
-7.0379978002557064e-001 -1.8818453127780528e+000
-6.9163210405667042e-001 -1.9019269062134587e+000
-6.9317765908531270e-001 -1.8657157686364023e+000
-7.0056559724184875e-001 -1.7297364821593861e+000
-6.9800956888111387e-001 -1.6313959930959649e+000
-7.0341449574384485e-001 -1.4735910626524824e+000
-6.8957057093206586e-001 -1.2607299323512908e+000
-6.9607767068989024e-001 -1.1636822901246473e+000
-7.0161205258848203e-001 -9.0236296613875477e-001
-6.9908542113382499e-001 -7.3531029781078627e-001
-7.0429108307985466e-001 -5.2625861489964076e-001
-6.8795100829389533e-001 -4.2405133362836828e-001
-6.9276759939341215e-001 -1.6977489333540199e-001
-7.0020441005383227e-001 -4.4376270212383606e-002
-7.0391101078455287e-001 1.2423341930321721e-001
-6.9276949874748817e-001 2.9730973916146819e-001
-6.9599384647065876e-001 4.0839264890026694e-001
-6.9793698386139680e-001 5.7752228640544045e-001
-4.3279111056226166e-001 7.5925867376271039e-001
3.8762226803840127e-001 8.3143056951423022e-001
